
double[][] a = new double[11][12];
a[0][0] = 1.13333;
a[0][1] = 1.13333;
a[1][0] = 1.13333;
print('Hello, a[0]=', a[0][0], a[1][0], a[0][1], a[2][2], '\n');